{
 "cells": [
  {
   "cell_type": "code",
   "execution_count": 1,
   "id": "00c29308",
   "metadata": {},
   "outputs": [],
   "source": [
    "from scipy import stats\n",
    "import numpy as np\n",
    "import pandas as pd\n",
    "from PIL import Image\n",
    "import matplotlib.pyplot as plt\n",
    "\n",
    "import seaborn as sns\n",
    "#from matplotlib import subplots\n",
    "\n",
    "import colorsys\n",
    "import matplotlib"
   ]
  },
  {
   "cell_type": "code",
   "execution_count": 2,
   "id": "d8f0ad1d",
   "metadata": {},
   "outputs": [
    {
     "data": {
      "text/html": [
       "<div>\n",
       "<style scoped>\n",
       "    .dataframe tbody tr th:only-of-type {\n",
       "        vertical-align: middle;\n",
       "    }\n",
       "\n",
       "    .dataframe tbody tr th {\n",
       "        vertical-align: top;\n",
       "    }\n",
       "\n",
       "    .dataframe thead th {\n",
       "        text-align: right;\n",
       "    }\n",
       "</style>\n",
       "<table border=\"1\" class=\"dataframe\">\n",
       "  <thead>\n",
       "    <tr style=\"text-align: right;\">\n",
       "      <th></th>\n",
       "      <th>T</th>\n",
       "      <th>T1</th>\n",
       "      <th>T2</th>\n",
       "      <th>T3</th>\n",
       "      <th>TVO2</th>\n",
       "      <th>TVCO</th>\n",
       "      <th>P</th>\n",
       "      <th>xCO2</th>\n",
       "      <th>xCO</th>\n",
       "      <th>xO2</th>\n",
       "      <th>xO</th>\n",
       "      <th>xC</th>\n",
       "      <th>Viscosity</th>\n",
       "    </tr>\n",
       "  </thead>\n",
       "  <tbody>\n",
       "    <tr>\n",
       "      <th>0</th>\n",
       "      <td>6000.0</td>\n",
       "      <td>4000.0</td>\n",
       "      <td>2000.0</td>\n",
       "      <td>4000.0</td>\n",
       "      <td>4000.0</td>\n",
       "      <td>4000.0</td>\n",
       "      <td>101320.0</td>\n",
       "      <td>0.6</td>\n",
       "      <td>0.2</td>\n",
       "      <td>0.6</td>\n",
       "      <td>0.2</td>\n",
       "      <td>0.2</td>\n",
       "      <td>0.000150</td>\n",
       "    </tr>\n",
       "    <tr>\n",
       "      <th>1</th>\n",
       "      <td>16000.0</td>\n",
       "      <td>14000.0</td>\n",
       "      <td>12000.0</td>\n",
       "      <td>12000.0</td>\n",
       "      <td>14000.0</td>\n",
       "      <td>12000.0</td>\n",
       "      <td>101320.0</td>\n",
       "      <td>0.4</td>\n",
       "      <td>0.2</td>\n",
       "      <td>0.8</td>\n",
       "      <td>0.8</td>\n",
       "      <td>1.0</td>\n",
       "      <td>0.000344</td>\n",
       "    </tr>\n",
       "    <tr>\n",
       "      <th>2</th>\n",
       "      <td>20000.0</td>\n",
       "      <td>16000.0</td>\n",
       "      <td>18000.0</td>\n",
       "      <td>16000.0</td>\n",
       "      <td>16000.0</td>\n",
       "      <td>16000.0</td>\n",
       "      <td>101320.0</td>\n",
       "      <td>0.6</td>\n",
       "      <td>0.4</td>\n",
       "      <td>0.8</td>\n",
       "      <td>1.0</td>\n",
       "      <td>0.4</td>\n",
       "      <td>0.000388</td>\n",
       "    </tr>\n",
       "    <tr>\n",
       "      <th>3</th>\n",
       "      <td>12000.0</td>\n",
       "      <td>10000.0</td>\n",
       "      <td>8000.0</td>\n",
       "      <td>8000.0</td>\n",
       "      <td>10000.0</td>\n",
       "      <td>10000.0</td>\n",
       "      <td>101320.0</td>\n",
       "      <td>0.2</td>\n",
       "      <td>0.6</td>\n",
       "      <td>0.6</td>\n",
       "      <td>0.8</td>\n",
       "      <td>0.8</td>\n",
       "      <td>0.000283</td>\n",
       "    </tr>\n",
       "    <tr>\n",
       "      <th>4</th>\n",
       "      <td>16000.0</td>\n",
       "      <td>14000.0</td>\n",
       "      <td>14000.0</td>\n",
       "      <td>12000.0</td>\n",
       "      <td>12000.0</td>\n",
       "      <td>14000.0</td>\n",
       "      <td>101320.0</td>\n",
       "      <td>0.2</td>\n",
       "      <td>0.6</td>\n",
       "      <td>0.2</td>\n",
       "      <td>1.0</td>\n",
       "      <td>1.0</td>\n",
       "      <td>0.000369</td>\n",
       "    </tr>\n",
       "  </tbody>\n",
       "</table>\n",
       "</div>"
      ],
      "text/plain": [
       "         T       T1       T2       T3     TVO2     TVCO         P  xCO2  xCO  \\\n",
       "0   6000.0   4000.0   2000.0   4000.0   4000.0   4000.0  101320.0   0.6  0.2   \n",
       "1  16000.0  14000.0  12000.0  12000.0  14000.0  12000.0  101320.0   0.4  0.2   \n",
       "2  20000.0  16000.0  18000.0  16000.0  16000.0  16000.0  101320.0   0.6  0.4   \n",
       "3  12000.0  10000.0   8000.0   8000.0  10000.0  10000.0  101320.0   0.2  0.6   \n",
       "4  16000.0  14000.0  14000.0  12000.0  12000.0  14000.0  101320.0   0.2  0.6   \n",
       "\n",
       "   xO2   xO   xC  Viscosity  \n",
       "0  0.6  0.2  0.2   0.000150  \n",
       "1  0.8  0.8  1.0   0.000344  \n",
       "2  0.8  1.0  0.4   0.000388  \n",
       "3  0.6  0.8  0.8   0.000283  \n",
       "4  0.2  1.0  1.0   0.000369  "
      ]
     },
     "execution_count": 2,
     "metadata": {},
     "output_type": "execute_result"
    }
   ],
   "source": [
    "df = pd.read_csv(\"C:/Users/user/Feature_Selection/data/MT/DB6Tr.csv\", sep=\",\", header=0)\n",
    "df.head()"
   ]
  },
  {
   "cell_type": "code",
   "execution_count": 7,
   "id": "c48c87e0",
   "metadata": {},
   "outputs": [
    {
     "data": {
      "text/plain": [
       "(67200, 13)"
      ]
     },
     "execution_count": 7,
     "metadata": {},
     "output_type": "execute_result"
    }
   ],
   "source": [
    "Z = df.iloc[:, :13]\n",
    "Z.shape"
   ]
  },
  {
   "cell_type": "code",
   "execution_count": 8,
   "id": "b4b9dd54",
   "metadata": {},
   "outputs": [],
   "source": [
    "corr_matrix = Z.corr(method='pearson')\n"
   ]
  },
  {
   "cell_type": "code",
   "execution_count": 9,
   "id": "545136d3",
   "metadata": {},
   "outputs": [
    {
     "data": {
      "text/html": [
       "<div>\n",
       "<style scoped>\n",
       "    .dataframe tbody tr th:only-of-type {\n",
       "        vertical-align: middle;\n",
       "    }\n",
       "\n",
       "    .dataframe tbody tr th {\n",
       "        vertical-align: top;\n",
       "    }\n",
       "\n",
       "    .dataframe thead th {\n",
       "        text-align: right;\n",
       "    }\n",
       "</style>\n",
       "<table border=\"1\" class=\"dataframe\">\n",
       "  <thead>\n",
       "    <tr style=\"text-align: right;\">\n",
       "      <th></th>\n",
       "      <th>T</th>\n",
       "      <th>T1</th>\n",
       "      <th>T2</th>\n",
       "      <th>T3</th>\n",
       "      <th>TVO2</th>\n",
       "      <th>TVCO</th>\n",
       "      <th>P</th>\n",
       "      <th>xCO2</th>\n",
       "      <th>xCO</th>\n",
       "      <th>xO2</th>\n",
       "      <th>xO</th>\n",
       "      <th>xC</th>\n",
       "      <th>Viscosity</th>\n",
       "    </tr>\n",
       "  </thead>\n",
       "  <tbody>\n",
       "    <tr>\n",
       "      <th>T</th>\n",
       "      <td>1.000000</td>\n",
       "      <td>0.979529</td>\n",
       "      <td>0.979495</td>\n",
       "      <td>0.979533</td>\n",
       "      <td>0.979395</td>\n",
       "      <td>0.979477</td>\n",
       "      <td>NaN</td>\n",
       "      <td>0.004941</td>\n",
       "      <td>0.001468</td>\n",
       "      <td>-0.000268</td>\n",
       "      <td>-0.003443</td>\n",
       "      <td>-0.002431</td>\n",
       "      <td>0.987038</td>\n",
       "    </tr>\n",
       "    <tr>\n",
       "      <th>T1</th>\n",
       "      <td>0.979529</td>\n",
       "      <td>1.000000</td>\n",
       "      <td>0.959390</td>\n",
       "      <td>0.959074</td>\n",
       "      <td>0.959654</td>\n",
       "      <td>0.959671</td>\n",
       "      <td>NaN</td>\n",
       "      <td>0.004807</td>\n",
       "      <td>0.002017</td>\n",
       "      <td>0.000727</td>\n",
       "      <td>-0.003628</td>\n",
       "      <td>-0.002088</td>\n",
       "      <td>0.966652</td>\n",
       "    </tr>\n",
       "    <tr>\n",
       "      <th>T2</th>\n",
       "      <td>0.979495</td>\n",
       "      <td>0.959390</td>\n",
       "      <td>1.000000</td>\n",
       "      <td>0.959443</td>\n",
       "      <td>0.959291</td>\n",
       "      <td>0.959755</td>\n",
       "      <td>NaN</td>\n",
       "      <td>0.003727</td>\n",
       "      <td>0.001539</td>\n",
       "      <td>-0.000309</td>\n",
       "      <td>-0.003613</td>\n",
       "      <td>-0.002143</td>\n",
       "      <td>0.966721</td>\n",
       "    </tr>\n",
       "    <tr>\n",
       "      <th>T3</th>\n",
       "      <td>0.979533</td>\n",
       "      <td>0.959074</td>\n",
       "      <td>0.959443</td>\n",
       "      <td>1.000000</td>\n",
       "      <td>0.959483</td>\n",
       "      <td>0.959456</td>\n",
       "      <td>NaN</td>\n",
       "      <td>0.004536</td>\n",
       "      <td>0.000821</td>\n",
       "      <td>-0.001316</td>\n",
       "      <td>-0.003404</td>\n",
       "      <td>-0.001864</td>\n",
       "      <td>0.966779</td>\n",
       "    </tr>\n",
       "    <tr>\n",
       "      <th>TVO2</th>\n",
       "      <td>0.979395</td>\n",
       "      <td>0.959654</td>\n",
       "      <td>0.959291</td>\n",
       "      <td>0.959483</td>\n",
       "      <td>1.000000</td>\n",
       "      <td>0.959704</td>\n",
       "      <td>NaN</td>\n",
       "      <td>0.006491</td>\n",
       "      <td>0.001190</td>\n",
       "      <td>-0.000693</td>\n",
       "      <td>-0.003156</td>\n",
       "      <td>-0.003077</td>\n",
       "      <td>0.966454</td>\n",
       "    </tr>\n",
       "    <tr>\n",
       "      <th>TVCO</th>\n",
       "      <td>0.979477</td>\n",
       "      <td>0.959671</td>\n",
       "      <td>0.959755</td>\n",
       "      <td>0.959456</td>\n",
       "      <td>0.959704</td>\n",
       "      <td>1.000000</td>\n",
       "      <td>NaN</td>\n",
       "      <td>0.005737</td>\n",
       "      <td>0.001081</td>\n",
       "      <td>-0.000165</td>\n",
       "      <td>-0.004234</td>\n",
       "      <td>-0.002708</td>\n",
       "      <td>0.966419</td>\n",
       "    </tr>\n",
       "    <tr>\n",
       "      <th>P</th>\n",
       "      <td>NaN</td>\n",
       "      <td>NaN</td>\n",
       "      <td>NaN</td>\n",
       "      <td>NaN</td>\n",
       "      <td>NaN</td>\n",
       "      <td>NaN</td>\n",
       "      <td>NaN</td>\n",
       "      <td>NaN</td>\n",
       "      <td>NaN</td>\n",
       "      <td>NaN</td>\n",
       "      <td>NaN</td>\n",
       "      <td>NaN</td>\n",
       "      <td>NaN</td>\n",
       "    </tr>\n",
       "    <tr>\n",
       "      <th>xCO2</th>\n",
       "      <td>0.004941</td>\n",
       "      <td>0.004807</td>\n",
       "      <td>0.003727</td>\n",
       "      <td>0.004536</td>\n",
       "      <td>0.006491</td>\n",
       "      <td>0.005737</td>\n",
       "      <td>NaN</td>\n",
       "      <td>1.000000</td>\n",
       "      <td>0.001785</td>\n",
       "      <td>-0.003457</td>\n",
       "      <td>-0.002540</td>\n",
       "      <td>0.001150</td>\n",
       "      <td>-0.096366</td>\n",
       "    </tr>\n",
       "    <tr>\n",
       "      <th>xCO</th>\n",
       "      <td>0.001468</td>\n",
       "      <td>0.002017</td>\n",
       "      <td>0.001539</td>\n",
       "      <td>0.000821</td>\n",
       "      <td>0.001190</td>\n",
       "      <td>0.001081</td>\n",
       "      <td>NaN</td>\n",
       "      <td>0.001785</td>\n",
       "      <td>1.000000</td>\n",
       "      <td>-0.007601</td>\n",
       "      <td>-0.001588</td>\n",
       "      <td>-0.010694</td>\n",
       "      <td>0.002303</td>\n",
       "    </tr>\n",
       "    <tr>\n",
       "      <th>xO2</th>\n",
       "      <td>-0.000268</td>\n",
       "      <td>0.000727</td>\n",
       "      <td>-0.000309</td>\n",
       "      <td>-0.001316</td>\n",
       "      <td>-0.000693</td>\n",
       "      <td>-0.000165</td>\n",
       "      <td>NaN</td>\n",
       "      <td>-0.003457</td>\n",
       "      <td>-0.007601</td>\n",
       "      <td>1.000000</td>\n",
       "      <td>0.005904</td>\n",
       "      <td>-0.001051</td>\n",
       "      <td>-0.034076</td>\n",
       "    </tr>\n",
       "    <tr>\n",
       "      <th>xO</th>\n",
       "      <td>-0.003443</td>\n",
       "      <td>-0.003628</td>\n",
       "      <td>-0.003613</td>\n",
       "      <td>-0.003404</td>\n",
       "      <td>-0.003156</td>\n",
       "      <td>-0.004234</td>\n",
       "      <td>NaN</td>\n",
       "      <td>-0.002540</td>\n",
       "      <td>-0.001588</td>\n",
       "      <td>0.005904</td>\n",
       "      <td>1.000000</td>\n",
       "      <td>-0.001142</td>\n",
       "      <td>0.071517</td>\n",
       "    </tr>\n",
       "    <tr>\n",
       "      <th>xC</th>\n",
       "      <td>-0.002431</td>\n",
       "      <td>-0.002088</td>\n",
       "      <td>-0.002143</td>\n",
       "      <td>-0.001864</td>\n",
       "      <td>-0.003077</td>\n",
       "      <td>-0.002708</td>\n",
       "      <td>NaN</td>\n",
       "      <td>0.001150</td>\n",
       "      <td>-0.010694</td>\n",
       "      <td>-0.001051</td>\n",
       "      <td>-0.001142</td>\n",
       "      <td>1.000000</td>\n",
       "      <td>0.050037</td>\n",
       "    </tr>\n",
       "    <tr>\n",
       "      <th>Viscosity</th>\n",
       "      <td>0.987038</td>\n",
       "      <td>0.966652</td>\n",
       "      <td>0.966721</td>\n",
       "      <td>0.966779</td>\n",
       "      <td>0.966454</td>\n",
       "      <td>0.966419</td>\n",
       "      <td>NaN</td>\n",
       "      <td>-0.096366</td>\n",
       "      <td>0.002303</td>\n",
       "      <td>-0.034076</td>\n",
       "      <td>0.071517</td>\n",
       "      <td>0.050037</td>\n",
       "      <td>1.000000</td>\n",
       "    </tr>\n",
       "  </tbody>\n",
       "</table>\n",
       "</div>"
      ],
      "text/plain": [
       "                  T        T1        T2        T3      TVO2      TVCO   P  \\\n",
       "T          1.000000  0.979529  0.979495  0.979533  0.979395  0.979477 NaN   \n",
       "T1         0.979529  1.000000  0.959390  0.959074  0.959654  0.959671 NaN   \n",
       "T2         0.979495  0.959390  1.000000  0.959443  0.959291  0.959755 NaN   \n",
       "T3         0.979533  0.959074  0.959443  1.000000  0.959483  0.959456 NaN   \n",
       "TVO2       0.979395  0.959654  0.959291  0.959483  1.000000  0.959704 NaN   \n",
       "TVCO       0.979477  0.959671  0.959755  0.959456  0.959704  1.000000 NaN   \n",
       "P               NaN       NaN       NaN       NaN       NaN       NaN NaN   \n",
       "xCO2       0.004941  0.004807  0.003727  0.004536  0.006491  0.005737 NaN   \n",
       "xCO        0.001468  0.002017  0.001539  0.000821  0.001190  0.001081 NaN   \n",
       "xO2       -0.000268  0.000727 -0.000309 -0.001316 -0.000693 -0.000165 NaN   \n",
       "xO        -0.003443 -0.003628 -0.003613 -0.003404 -0.003156 -0.004234 NaN   \n",
       "xC        -0.002431 -0.002088 -0.002143 -0.001864 -0.003077 -0.002708 NaN   \n",
       "Viscosity  0.987038  0.966652  0.966721  0.966779  0.966454  0.966419 NaN   \n",
       "\n",
       "               xCO2       xCO       xO2        xO        xC  Viscosity  \n",
       "T          0.004941  0.001468 -0.000268 -0.003443 -0.002431   0.987038  \n",
       "T1         0.004807  0.002017  0.000727 -0.003628 -0.002088   0.966652  \n",
       "T2         0.003727  0.001539 -0.000309 -0.003613 -0.002143   0.966721  \n",
       "T3         0.004536  0.000821 -0.001316 -0.003404 -0.001864   0.966779  \n",
       "TVO2       0.006491  0.001190 -0.000693 -0.003156 -0.003077   0.966454  \n",
       "TVCO       0.005737  0.001081 -0.000165 -0.004234 -0.002708   0.966419  \n",
       "P               NaN       NaN       NaN       NaN       NaN        NaN  \n",
       "xCO2       1.000000  0.001785 -0.003457 -0.002540  0.001150  -0.096366  \n",
       "xCO        0.001785  1.000000 -0.007601 -0.001588 -0.010694   0.002303  \n",
       "xO2       -0.003457 -0.007601  1.000000  0.005904 -0.001051  -0.034076  \n",
       "xO        -0.002540 -0.001588  0.005904  1.000000 -0.001142   0.071517  \n",
       "xC         0.001150 -0.010694 -0.001051 -0.001142  1.000000   0.050037  \n",
       "Viscosity -0.096366  0.002303 -0.034076  0.071517  0.050037   1.000000  "
      ]
     },
     "execution_count": 9,
     "metadata": {},
     "output_type": "execute_result"
    }
   ],
   "source": [
    "corr_matrix"
   ]
  },
  {
   "cell_type": "code",
   "execution_count": null,
   "id": "d83f8582",
   "metadata": {},
   "outputs": [],
   "source": []
  },
  {
   "cell_type": "code",
   "execution_count": null,
   "id": "aee29093",
   "metadata": {},
   "outputs": [],
   "source": []
  },
  {
   "cell_type": "code",
   "execution_count": null,
   "id": "54447bd4",
   "metadata": {},
   "outputs": [],
   "source": []
  }
 ],
 "metadata": {
  "kernelspec": {
   "display_name": "Python 3 (ipykernel)",
   "language": "python",
   "name": "python3"
  },
  "language_info": {
   "codemirror_mode": {
    "name": "ipython",
    "version": 3
   },
   "file_extension": ".py",
   "mimetype": "text/x-python",
   "name": "python",
   "nbconvert_exporter": "python",
   "pygments_lexer": "ipython3",
   "version": "3.9.2"
  }
 },
 "nbformat": 4,
 "nbformat_minor": 5
}
